# Mode shape data
# omega = 4273.5 rad/s
# mode_index = None
# x (m)		phi (normalized)
0.0000	-0.000
0.0002	0.000
0.0004	0.000
0.0006	0.001
0.0008	0.002
0.0010	0.003
0.0012	0.004
0.0014	0.005
0.0016	0.007
0.0018	0.008
0.0020	0.010
0.0022	0.012
0.0024	0.015
0.0027	0.017
0.0029	0.020
0.0031	0.023
0.0033	0.026
0.0035	0.029
0.0037	0.032
0.0039	0.036
0.0041	0.039
0.0043	0.043
0.0045	0.047
0.0047	0.051
0.0049	0.055
0.0051	0.060
0.0053	0.064
0.0055	0.069
0.0057	0.074
0.0059	0.079
0.0061	0.084
0.0063	0.089
0.0065	0.094
0.0067	0.100
0.0069	0.105
0.0071	0.111
0.0073	0.117
0.0076	0.122
0.0078	0.128
0.0080	0.135
0.0082	0.141
0.0084	0.147
0.0086	0.153
0.0088	0.160
0.0090	0.166
0.0092	0.173
0.0094	0.180
0.0096	0.187
0.0098	0.193
0.0100	0.200
0.0100	0.200
0.0104	0.213
0.0107	0.225
0.0111	0.238
0.0115	0.251
0.0118	0.263
0.0122	0.276
0.0126	0.289
0.0129	0.301
0.0133	0.314
0.0137	0.327
0.0140	0.339
0.0144	0.352
0.0148	0.365
0.0151	0.378
0.0155	0.390
0.0159	0.403
0.0162	0.416
0.0166	0.428
0.0170	0.441
0.0173	0.454
0.0177	0.466
0.0181	0.479
0.0184	0.492
0.0188	0.504
0.0192	0.517
0.0196	0.530
0.0199	0.542
0.0203	0.555
0.0207	0.567
0.0210	0.580
0.0214	0.592
0.0218	0.605
0.0221	0.617
0.0225	0.630
0.0229	0.642
0.0232	0.655
0.0236	0.667
0.0240	0.679
0.0243	0.692
0.0247	0.704
0.0251	0.716
0.0254	0.728
0.0258	0.741
0.0262	0.753
0.0265	0.765
0.0269	0.777
0.0273	0.789
0.0276	0.801
0.0280	0.813
0.0280	0.813
0.0289	0.840
0.0297	0.865
0.0306	0.888
0.0314	0.909
0.0323	0.928
0.0331	0.945
0.0340	0.959
0.0349	0.971
0.0357	0.982
0.0366	0.989
0.0374	0.995
0.0383	0.999
0.0391	1.000
0.0400	0.999
0.0409	0.996
0.0417	0.991
0.0426	0.983
0.0434	0.974
0.0443	0.962
0.0451	0.949
0.0460	0.933
0.0469	0.916
0.0477	0.896
0.0486	0.875
0.0494	0.852
0.0503	0.827
0.0511	0.801
0.0520	0.773
0.0529	0.743
0.0537	0.712
0.0546	0.680
0.0554	0.647
0.0563	0.612
0.0571	0.577
0.0580	0.540
0.0589	0.503
0.0597	0.465
0.0606	0.426
0.0614	0.387
0.0623	0.347
0.0631	0.307
0.0640	0.267
0.0649	0.227
0.0657	0.187
0.0666	0.147
0.0674	0.107
0.0683	0.068
0.0691	0.029
0.0700	-0.009
0.0700	-0.009
0.0709	-0.047
0.0717	-0.083
0.0726	-0.119
0.0734	-0.154
0.0743	-0.187
0.0751	-0.220
0.0760	-0.252
0.0769	-0.282
0.0777	-0.312
0.0786	-0.340
0.0794	-0.367
0.0803	-0.393
0.0811	-0.417
0.0820	-0.440
0.0829	-0.462
0.0837	-0.482
0.0846	-0.501
0.0854	-0.518
0.0863	-0.534
0.0871	-0.548
0.0880	-0.561
0.0889	-0.572
0.0897	-0.581
0.0906	-0.589
0.0914	-0.596
0.0923	-0.600
0.0931	-0.604
0.0940	-0.605
0.0949	-0.605
0.0957	-0.603
0.0966	-0.600
0.0974	-0.595
0.0983	-0.589
0.0991	-0.581
0.1000	-0.572
0.1009	-0.561
0.1017	-0.549
0.1026	-0.535
0.1034	-0.520
0.1043	-0.503
0.1051	-0.485
0.1060	-0.466
0.1069	-0.446
0.1077	-0.424
0.1086	-0.401
0.1094	-0.377
0.1103	-0.352
0.1111	-0.326
0.1120	-0.299
0.1120	-0.299
0.1124	-0.287
0.1127	-0.276
0.1131	-0.264
0.1135	-0.252
0.1138	-0.240
0.1142	-0.228
0.1146	-0.217
0.1149	-0.205
0.1153	-0.193
0.1157	-0.181
0.1160	-0.169
0.1164	-0.157
0.1168	-0.145
0.1171	-0.133
0.1175	-0.122
0.1179	-0.110
0.1182	-0.098
0.1186	-0.086
0.1190	-0.074
0.1193	-0.062
0.1197	-0.050
0.1201	-0.038
0.1204	-0.026
0.1208	-0.014
0.1212	-0.002
0.1216	0.010
0.1219	0.022
0.1223	0.034
0.1227	0.046
0.1230	0.058
0.1234	0.070
0.1238	0.082
0.1241	0.094
0.1245	0.106
0.1249	0.118
0.1252	0.130
0.1256	0.142
0.1260	0.154
0.1263	0.165
0.1267	0.177
0.1271	0.189
0.1274	0.201
0.1278	0.213
0.1282	0.225
0.1285	0.237
0.1289	0.249
0.1293	0.261
0.1296	0.273
0.1300	0.284
0.1300	0.284
0.1324	0.360
0.1349	0.430
0.1373	0.491
0.1398	0.543
0.1422	0.585
0.1447	0.617
0.1471	0.637
0.1496	0.646
0.1520	0.643
0.1545	0.628
0.1569	0.602
0.1594	0.565
0.1618	0.517
0.1643	0.461
0.1667	0.396
0.1692	0.325
0.1716	0.247
0.1741	0.165
0.1765	0.081
0.1790	-0.005
0.1814	-0.090
0.1839	-0.174
0.1863	-0.253
0.1888	-0.328
0.1912	-0.396
0.1937	-0.457
0.1961	-0.508
0.1986	-0.549
0.2010	-0.580
0.2035	-0.598
0.2059	-0.605
0.2084	-0.599
0.2108	-0.581
0.2133	-0.550
0.2157	-0.507
0.2182	-0.453
0.2206	-0.387
0.2231	-0.311
0.2255	-0.226
0.2280	-0.132
0.2304	-0.031
0.2329	0.077
0.2353	0.189
0.2378	0.306
0.2402	0.425
0.2427	0.546
0.2451	0.669
0.2476	0.792
0.2500	0.915
