# Mode shape data
# omega = 256.0 rad/s
# mode_index = None
# x (m)		phi (normalized)
0.0000	0.000
0.0004	-0.000
0.0008	-0.000
0.0012	-0.000
0.0016	-0.000
0.0020	-0.000
0.0024	-0.000
0.0029	-0.000
0.0033	-0.000
0.0037	-0.000
0.0041	-0.001
0.0045	-0.001
0.0049	-0.001
0.0053	-0.001
0.0057	-0.001
0.0061	-0.001
0.0065	-0.002
0.0069	-0.002
0.0073	-0.002
0.0078	-0.002
0.0082	-0.002
0.0086	-0.003
0.0090	-0.003
0.0094	-0.003
0.0098	-0.003
0.0102	-0.004
0.0106	-0.004
0.0110	-0.004
0.0114	-0.005
0.0118	-0.005
0.0122	-0.005
0.0127	-0.006
0.0131	-0.006
0.0135	-0.006
0.0139	-0.007
0.0143	-0.007
0.0147	-0.008
0.0151	-0.008
0.0155	-0.008
0.0159	-0.009
0.0163	-0.009
0.0167	-0.010
0.0171	-0.010
0.0176	-0.011
0.0180	-0.011
0.0184	-0.012
0.0188	-0.012
0.0192	-0.013
0.0196	-0.013
0.0200	-0.014
0.0200	-0.014
0.0204	-0.014
0.0207	-0.015
0.0211	-0.015
0.0215	-0.016
0.0218	-0.016
0.0222	-0.017
0.0226	-0.017
0.0229	-0.018
0.0233	-0.018
0.0237	-0.019
0.0240	-0.020
0.0244	-0.020
0.0248	-0.021
0.0251	-0.021
0.0255	-0.022
0.0259	-0.023
0.0262	-0.023
0.0266	-0.024
0.0270	-0.024
0.0273	-0.025
0.0277	-0.026
0.0281	-0.026
0.0284	-0.027
0.0288	-0.028
0.0292	-0.028
0.0296	-0.029
0.0299	-0.030
0.0303	-0.030
0.0307	-0.031
0.0310	-0.032
0.0314	-0.033
0.0318	-0.033
0.0321	-0.034
0.0325	-0.035
0.0329	-0.036
0.0332	-0.036
0.0336	-0.037
0.0340	-0.038
0.0343	-0.039
0.0347	-0.039
0.0351	-0.040
0.0354	-0.041
0.0358	-0.042
0.0362	-0.043
0.0365	-0.043
0.0369	-0.044
0.0373	-0.045
0.0376	-0.046
0.0380	-0.047
0.0380	-0.047
0.0389	-0.049
0.0397	-0.051
0.0406	-0.053
0.0414	-0.055
0.0423	-0.057
0.0431	-0.059
0.0440	-0.062
0.0449	-0.064
0.0457	-0.066
0.0466	-0.068
0.0474	-0.071
0.0483	-0.073
0.0491	-0.075
0.0500	-0.078
0.0509	-0.080
0.0517	-0.083
0.0526	-0.085
0.0534	-0.088
0.0543	-0.090
0.0551	-0.093
0.0560	-0.096
0.0569	-0.098
0.0577	-0.101
0.0586	-0.104
0.0594	-0.107
0.0603	-0.109
0.0611	-0.112
0.0620	-0.115
0.0629	-0.118
0.0637	-0.121
0.0646	-0.123
0.0654	-0.126
0.0663	-0.129
0.0671	-0.132
0.0680	-0.135
0.0689	-0.138
0.0697	-0.141
0.0706	-0.144
0.0714	-0.147
0.0723	-0.151
0.0731	-0.154
0.0740	-0.157
0.0749	-0.160
0.0757	-0.163
0.0766	-0.166
0.0774	-0.169
0.0783	-0.173
0.0791	-0.176
0.0800	-0.179
0.0800	-0.179
0.0804	-0.181
0.0809	-0.182
0.0813	-0.184
0.0817	-0.186
0.0821	-0.187
0.0826	-0.189
0.0830	-0.191
0.0834	-0.192
0.0839	-0.194
0.0843	-0.196
0.0847	-0.197
0.0851	-0.199
0.0856	-0.201
0.0860	-0.202
0.0864	-0.204
0.0869	-0.206
0.0873	-0.208
0.0877	-0.209
0.0881	-0.211
0.0886	-0.213
0.0890	-0.214
0.0894	-0.216
0.0899	-0.218
0.0903	-0.219
0.0907	-0.221
0.0911	-0.223
0.0916	-0.225
0.0920	-0.226
0.0924	-0.228
0.0929	-0.230
0.0933	-0.232
0.0937	-0.233
0.0941	-0.235
0.0946	-0.237
0.0950	-0.239
0.0954	-0.240
0.0959	-0.242
0.0963	-0.244
0.0967	-0.246
0.0971	-0.247
0.0976	-0.249
0.0980	-0.251
0.0984	-0.253
0.0989	-0.254
0.0993	-0.256
0.0997	-0.258
0.1001	-0.260
0.1006	-0.262
0.1010	-0.263
0.1010	-0.263
0.1014	-0.265
0.1017	-0.266
0.1021	-0.268
0.1025	-0.269
0.1028	-0.271
0.1032	-0.272
0.1036	-0.274
0.1039	-0.276
0.1043	-0.277
0.1047	-0.279
0.1050	-0.280
0.1054	-0.282
0.1058	-0.283
0.1061	-0.285
0.1065	-0.286
0.1069	-0.288
0.1072	-0.289
0.1076	-0.291
0.1080	-0.293
0.1083	-0.294
0.1087	-0.296
0.1091	-0.297
0.1094	-0.299
0.1098	-0.300
0.1102	-0.302
0.1106	-0.303
0.1109	-0.305
0.1113	-0.306
0.1117	-0.308
0.1120	-0.310
0.1124	-0.311
0.1128	-0.313
0.1131	-0.314
0.1135	-0.316
0.1139	-0.317
0.1142	-0.319
0.1146	-0.321
0.1150	-0.322
0.1153	-0.324
0.1157	-0.325
0.1161	-0.327
0.1164	-0.328
0.1168	-0.330
0.1172	-0.331
0.1175	-0.333
0.1179	-0.335
0.1183	-0.336
0.1186	-0.338
0.1190	-0.339
0.1190	-0.339
0.1278	-0.377
0.1366	-0.413
0.1454	-0.450
0.1542	-0.485
0.1630	-0.519
0.1718	-0.551
0.1806	-0.581
0.1894	-0.608
0.1982	-0.634
0.2070	-0.656
0.2158	-0.675
0.2246	-0.691
0.2333	-0.704
0.2421	-0.713
0.2509	-0.719
0.2597	-0.720
0.2685	-0.718
0.2773	-0.712
0.2861	-0.701
0.2949	-0.687
0.3037	-0.668
0.3125	-0.646
0.3213	-0.620
0.3301	-0.589
0.3389	-0.555
0.3477	-0.517
0.3565	-0.475
0.3653	-0.430
0.3741	-0.382
0.3829	-0.330
0.3917	-0.275
0.4005	-0.218
0.4093	-0.158
0.4181	-0.095
0.4269	-0.030
0.4357	0.036
0.4444	0.105
0.4532	0.175
0.4620	0.247
0.4708	0.319
0.4796	0.393
0.4884	0.468
0.4972	0.543
0.5060	0.618
0.5148	0.694
0.5236	0.771
0.5324	0.847
0.5412	0.924
0.5500	1.000
