# Mode shape data
# omega = 992.7 rad/s
# mode_index = None
# x (m)		phi (normalized)
0.0000	-0.000
0.0004	-0.000
0.0008	-0.000
0.0012	-0.000
0.0016	-0.000
0.0020	-0.000
0.0024	-0.001
0.0029	-0.001
0.0033	-0.001
0.0037	-0.001
0.0041	-0.002
0.0045	-0.002
0.0049	-0.003
0.0053	-0.003
0.0057	-0.003
0.0061	-0.004
0.0065	-0.004
0.0069	-0.005
0.0073	-0.006
0.0078	-0.006
0.0082	-0.007
0.0086	-0.007
0.0090	-0.008
0.0094	-0.009
0.0098	-0.010
0.0102	-0.010
0.0106	-0.011
0.0110	-0.012
0.0114	-0.013
0.0118	-0.014
0.0122	-0.015
0.0127	-0.015
0.0131	-0.016
0.0135	-0.017
0.0139	-0.018
0.0143	-0.019
0.0147	-0.020
0.0151	-0.021
0.0155	-0.022
0.0159	-0.024
0.0163	-0.025
0.0167	-0.026
0.0171	-0.027
0.0176	-0.028
0.0180	-0.029
0.0184	-0.030
0.0188	-0.032
0.0192	-0.033
0.0196	-0.034
0.0200	-0.035
0.0200	-0.035
0.0204	-0.037
0.0207	-0.038
0.0211	-0.039
0.0215	-0.040
0.0218	-0.041
0.0222	-0.042
0.0226	-0.044
0.0229	-0.045
0.0233	-0.046
0.0237	-0.047
0.0240	-0.048
0.0244	-0.050
0.0248	-0.051
0.0251	-0.052
0.0255	-0.053
0.0259	-0.055
0.0262	-0.056
0.0266	-0.057
0.0270	-0.058
0.0273	-0.060
0.0277	-0.061
0.0281	-0.062
0.0284	-0.063
0.0288	-0.065
0.0292	-0.066
0.0296	-0.067
0.0299	-0.068
0.0303	-0.070
0.0307	-0.071
0.0310	-0.072
0.0314	-0.073
0.0318	-0.075
0.0321	-0.076
0.0325	-0.077
0.0329	-0.079
0.0332	-0.080
0.0336	-0.081
0.0340	-0.082
0.0343	-0.084
0.0347	-0.085
0.0351	-0.086
0.0354	-0.088
0.0358	-0.089
0.0362	-0.090
0.0365	-0.091
0.0369	-0.093
0.0373	-0.094
0.0376	-0.095
0.0380	-0.097
0.0380	-0.097
0.0389	-0.100
0.0397	-0.103
0.0406	-0.106
0.0414	-0.108
0.0423	-0.111
0.0431	-0.114
0.0440	-0.117
0.0449	-0.120
0.0457	-0.123
0.0466	-0.125
0.0474	-0.128
0.0483	-0.131
0.0491	-0.133
0.0500	-0.136
0.0509	-0.138
0.0517	-0.140
0.0526	-0.143
0.0534	-0.145
0.0543	-0.147
0.0551	-0.149
0.0560	-0.151
0.0569	-0.153
0.0577	-0.154
0.0586	-0.156
0.0594	-0.158
0.0603	-0.159
0.0611	-0.160
0.0620	-0.162
0.0629	-0.163
0.0637	-0.164
0.0646	-0.165
0.0654	-0.165
0.0663	-0.166
0.0671	-0.166
0.0680	-0.167
0.0689	-0.167
0.0697	-0.167
0.0706	-0.167
0.0714	-0.167
0.0723	-0.166
0.0731	-0.166
0.0740	-0.165
0.0749	-0.164
0.0757	-0.163
0.0766	-0.162
0.0774	-0.160
0.0783	-0.159
0.0791	-0.157
0.0800	-0.155
0.0800	-0.155
0.0804	-0.154
0.0809	-0.153
0.0813	-0.152
0.0817	-0.150
0.0821	-0.149
0.0826	-0.148
0.0830	-0.146
0.0834	-0.145
0.0839	-0.144
0.0843	-0.142
0.0847	-0.141
0.0851	-0.139
0.0856	-0.137
0.0860	-0.136
0.0864	-0.134
0.0869	-0.132
0.0873	-0.131
0.0877	-0.129
0.0881	-0.127
0.0886	-0.125
0.0890	-0.123
0.0894	-0.121
0.0899	-0.119
0.0903	-0.117
0.0907	-0.115
0.0911	-0.113
0.0916	-0.110
0.0920	-0.108
0.0924	-0.106
0.0929	-0.104
0.0933	-0.101
0.0937	-0.099
0.0941	-0.096
0.0946	-0.094
0.0950	-0.092
0.0954	-0.089
0.0959	-0.086
0.0963	-0.084
0.0967	-0.081
0.0971	-0.079
0.0976	-0.076
0.0980	-0.073
0.0984	-0.070
0.0989	-0.067
0.0993	-0.065
0.0997	-0.062
0.1001	-0.059
0.1006	-0.056
0.1010	-0.053
0.1010	-0.053
0.1014	-0.050
0.1017	-0.048
0.1021	-0.045
0.1025	-0.043
0.1028	-0.040
0.1032	-0.037
0.1036	-0.035
0.1039	-0.032
0.1043	-0.029
0.1047	-0.027
0.1050	-0.024
0.1054	-0.021
0.1058	-0.019
0.1061	-0.016
0.1065	-0.013
0.1069	-0.010
0.1072	-0.008
0.1076	-0.005
0.1080	-0.002
0.1083	0.001
0.1087	0.003
0.1091	0.006
0.1094	0.009
0.1098	0.012
0.1102	0.015
0.1106	0.017
0.1109	0.020
0.1113	0.023
0.1117	0.026
0.1120	0.029
0.1124	0.032
0.1128	0.035
0.1131	0.038
0.1135	0.040
0.1139	0.043
0.1142	0.046
0.1146	0.049
0.1150	0.052
0.1153	0.055
0.1157	0.058
0.1161	0.061
0.1164	0.064
0.1168	0.067
0.1172	0.070
0.1175	0.073
0.1179	0.076
0.1183	0.079
0.1186	0.082
0.1190	0.085
0.1190	0.085
0.1278	0.160
0.1366	0.240
0.1454	0.321
0.1542	0.402
0.1630	0.478
0.1718	0.548
0.1806	0.610
0.1894	0.663
0.1982	0.703
0.2070	0.731
0.2158	0.744
0.2246	0.744
0.2333	0.729
0.2421	0.699
0.2509	0.655
0.2597	0.599
0.2685	0.530
0.2773	0.450
0.2861	0.362
0.2949	0.266
0.3037	0.166
0.3125	0.062
0.3213	-0.042
0.3301	-0.144
0.3389	-0.242
0.3477	-0.335
0.3565	-0.419
0.3653	-0.493
0.3741	-0.555
0.3829	-0.603
0.3917	-0.637
0.4005	-0.656
0.4093	-0.658
0.4181	-0.644
0.4269	-0.614
0.4357	-0.567
0.4444	-0.505
0.4532	-0.427
0.4620	-0.337
0.4708	-0.234
0.4796	-0.120
0.4884	0.004
0.4972	0.135
0.5060	0.272
0.5148	0.414
0.5236	0.558
0.5324	0.705
0.5412	0.852
0.5500	1.000
