# Mode shape data
# omega = 235.3 rad/s
# mode_index = None
# x (m)		phi (normalized)
0.0000	-0.000
0.0004	-0.000
0.0008	-0.000
0.0012	-0.000
0.0016	-0.000
0.0020	-0.000
0.0024	-0.000
0.0029	-0.000
0.0033	-0.001
0.0037	-0.001
0.0041	-0.001
0.0045	-0.001
0.0049	-0.001
0.0053	-0.002
0.0057	-0.002
0.0061	-0.002
0.0065	-0.002
0.0069	-0.003
0.0073	-0.003
0.0078	-0.003
0.0082	-0.004
0.0086	-0.004
0.0090	-0.004
0.0094	-0.005
0.0098	-0.005
0.0102	-0.006
0.0106	-0.006
0.0110	-0.007
0.0114	-0.007
0.0118	-0.008
0.0122	-0.008
0.0127	-0.009
0.0131	-0.009
0.0135	-0.010
0.0139	-0.010
0.0143	-0.011
0.0147	-0.012
0.0151	-0.012
0.0155	-0.013
0.0159	-0.014
0.0163	-0.014
0.0167	-0.015
0.0171	-0.016
0.0176	-0.016
0.0180	-0.017
0.0184	-0.018
0.0188	-0.019
0.0192	-0.019
0.0196	-0.020
0.0200	-0.021
0.0200	-0.021
0.0204	-0.022
0.0207	-0.022
0.0211	-0.023
0.0215	-0.024
0.0218	-0.025
0.0222	-0.026
0.0226	-0.026
0.0229	-0.027
0.0233	-0.028
0.0237	-0.029
0.0240	-0.029
0.0244	-0.030
0.0248	-0.031
0.0251	-0.032
0.0255	-0.033
0.0259	-0.034
0.0262	-0.034
0.0266	-0.035
0.0270	-0.036
0.0273	-0.037
0.0277	-0.038
0.0281	-0.039
0.0284	-0.040
0.0288	-0.040
0.0292	-0.041
0.0296	-0.042
0.0299	-0.043
0.0303	-0.044
0.0307	-0.045
0.0310	-0.046
0.0314	-0.047
0.0318	-0.048
0.0321	-0.049
0.0325	-0.049
0.0329	-0.050
0.0332	-0.051
0.0336	-0.052
0.0340	-0.053
0.0343	-0.054
0.0347	-0.055
0.0351	-0.056
0.0354	-0.057
0.0358	-0.058
0.0362	-0.059
0.0365	-0.060
0.0369	-0.061
0.0373	-0.062
0.0376	-0.063
0.0380	-0.064
0.0380	-0.064
0.0389	-0.066
0.0397	-0.069
0.0406	-0.071
0.0414	-0.074
0.0423	-0.076
0.0431	-0.079
0.0440	-0.081
0.0449	-0.084
0.0457	-0.087
0.0466	-0.089
0.0474	-0.092
0.0483	-0.095
0.0491	-0.098
0.0500	-0.101
0.0509	-0.104
0.0517	-0.107
0.0526	-0.110
0.0534	-0.113
0.0543	-0.116
0.0551	-0.119
0.0560	-0.122
0.0569	-0.125
0.0577	-0.128
0.0586	-0.131
0.0594	-0.135
0.0603	-0.138
0.0611	-0.141
0.0620	-0.144
0.0629	-0.148
0.0637	-0.151
0.0646	-0.154
0.0654	-0.158
0.0663	-0.161
0.0671	-0.165
0.0680	-0.168
0.0689	-0.172
0.0697	-0.175
0.0706	-0.179
0.0714	-0.182
0.0723	-0.186
0.0731	-0.189
0.0740	-0.193
0.0749	-0.196
0.0757	-0.200
0.0766	-0.203
0.0774	-0.207
0.0783	-0.211
0.0791	-0.214
0.0800	-0.218
0.0800	-0.218
0.0804	-0.220
0.0809	-0.222
0.0813	-0.223
0.0817	-0.225
0.0821	-0.227
0.0826	-0.229
0.0830	-0.231
0.0834	-0.232
0.0839	-0.234
0.0843	-0.236
0.0847	-0.238
0.0851	-0.240
0.0856	-0.242
0.0860	-0.243
0.0864	-0.245
0.0869	-0.247
0.0873	-0.249
0.0877	-0.251
0.0881	-0.253
0.0886	-0.254
0.0890	-0.256
0.0894	-0.258
0.0899	-0.260
0.0903	-0.262
0.0907	-0.264
0.0911	-0.265
0.0916	-0.267
0.0920	-0.269
0.0924	-0.271
0.0929	-0.273
0.0933	-0.275
0.0937	-0.276
0.0941	-0.278
0.0946	-0.280
0.0950	-0.282
0.0954	-0.284
0.0959	-0.286
0.0963	-0.287
0.0967	-0.289
0.0971	-0.291
0.0976	-0.293
0.0980	-0.295
0.0984	-0.297
0.0989	-0.299
0.0993	-0.300
0.0997	-0.302
0.1001	-0.304
0.1006	-0.306
0.1010	-0.308
0.1010	-0.308
0.1014	-0.309
0.1017	-0.311
0.1021	-0.312
0.1025	-0.314
0.1028	-0.316
0.1032	-0.317
0.1036	-0.319
0.1039	-0.320
0.1043	-0.322
0.1047	-0.324
0.1050	-0.325
0.1054	-0.327
0.1058	-0.328
0.1061	-0.330
0.1065	-0.331
0.1069	-0.333
0.1072	-0.335
0.1076	-0.336
0.1080	-0.338
0.1083	-0.339
0.1087	-0.341
0.1091	-0.342
0.1094	-0.344
0.1098	-0.346
0.1102	-0.347
0.1106	-0.349
0.1109	-0.350
0.1113	-0.352
0.1117	-0.353
0.1120	-0.355
0.1124	-0.356
0.1128	-0.358
0.1131	-0.360
0.1135	-0.361
0.1139	-0.363
0.1142	-0.364
0.1146	-0.366
0.1150	-0.367
0.1153	-0.369
0.1157	-0.371
0.1161	-0.372
0.1164	-0.374
0.1168	-0.375
0.1172	-0.377
0.1175	-0.378
0.1179	-0.380
0.1183	-0.381
0.1186	-0.383
0.1190	-0.385
0.1190	-0.385
0.1278	-0.421
0.1366	-0.457
0.1454	-0.491
0.1542	-0.524
0.1630	-0.554
0.1718	-0.583
0.1806	-0.609
0.1894	-0.632
0.1982	-0.653
0.2070	-0.670
0.2158	-0.685
0.2246	-0.696
0.2333	-0.703
0.2421	-0.708
0.2509	-0.708
0.2597	-0.705
0.2685	-0.698
0.2773	-0.688
0.2861	-0.674
0.2949	-0.656
0.3037	-0.634
0.3125	-0.608
0.3213	-0.579
0.3301	-0.547
0.3389	-0.510
0.3477	-0.471
0.3565	-0.428
0.3653	-0.383
0.3741	-0.334
0.3829	-0.282
0.3917	-0.228
0.4005	-0.171
0.4093	-0.112
0.4181	-0.051
0.4269	0.012
0.4357	0.076
0.4444	0.143
0.4532	0.210
0.4620	0.279
0.4708	0.349
0.4796	0.420
0.4884	0.491
0.4972	0.563
0.5060	0.635
0.5148	0.708
0.5236	0.781
0.5324	0.854
0.5412	0.927
0.5500	1.000
